Размер | Потоки | Время (сек) | Ускорение | Эффективность
------------------------------------------------------------
200 | 1 | 0.2094 | 1.00 | 100.0%
200 | 2 | 0.1075 | 1.95 | 97.4%
200 | 4 | 0.0902 | 2.32 | 58.0%
200 | 8 | 0.1026 | 2.04 | 25.5%
400 | 1 | 1.7091 | 1.00 | 100.0%
400 | 2 | 0.8908 | 1.92 | 95.9%
400 | 4 | 0.7390 | 2.31 | 57.8%
400 | 8 | 0.6220 | 2.75 | 34.3%
800 | 1 | 13.3373 | 1.00 | 100.0%
800 | 2 | 6.3187 | 2.11 | 105.5%
800 | 4 | 6.2655 | 2.13 | 53.2%
800 | 8 | 3.5527 | 3.75 | 46.9%
1200 | 1 | 46.0404 | 1.00 | 100.0%
1200 | 2 | 21.7453 | 2.12 | 105.9%
1200 | 4 | 15.1066 | 3.05 | 76.2%
1200 | 8 | 10.9532 | 4.20 | 52.5%
1600 | 1 | 126.4880 | 1.00 | 100.0%
1600 | 2 | 75.7566 | 1.67 | 83.5%
1600 | 4 | 39.9243 | 3.17 | 79.2%
1600 | 8 | 28.2641 | 4.48 | 55.9%